         Year  TAUX_INFL     INDEX_RAW  INDEX_BASE_2015
0  2011-01-01   0.  8.854733e+01     1.574289e-06
1  2012-01-01   0.  8.121047e+03     1.443846e-04
2  2013-01-01   0.  7.366372e+05     1.309672e-02
3  2014-01-01   0.  6.499225e+07     1.155501e+00
4  2015-01-01   0.  5.624593e+09     1.000000e+02
5  2016-01-01   0.  4.868438e+11     8.655627e+03
6  2017-01-01   0.  4.290022e+13     7.627258e+05
7  2018-01-01   0.  3.946922e+15     7.017257e+07
8  2019-01-01   0.  3.738315e+17     6.646374e+09
9  2020-01-01   0.  3.672515e+19     6.529388e+11
10 2021-01-01  -0.  3.770782e+21     6.704097e+13
11 2022-01-01  -0.  4.056774e+23     7.212564e+15
12 2023-01-01  -0.  4.359710e+25     7.751155e+17
13 2024-01-01  -0.  4.375132e+27     7.778575e+19
14 2025-01-01   0.  4.375132e+29     7.778575e+21
